256 257
256 258
256 261
256 264
256 265
256 250
256 255
258 259
259 213
259 270
259 271
260 235
260 260
262 213
263 251
266 226
267 226
268 251
269 213
272 228
273 222
207 208
207 209
207 210
207 211
211 230
212 213
213 226
213 221
214 215
214 216
214 217
214 218
214 219
214 220
216 222
218 223
220 229
222 244
222 237
223 224
224 228
225 226
226 238
227 228
229 232
229 233
229 230
229 231
230 248
230 247
234 235
234 236
236 245
239 240
239 241
239 242
239 243
239 244
239 245
239 246
247 251
249 250
249 251
249 252
249 253
249 254
