2048 2047
2049 2047
2050 2047
2051 2047
2062 2063
2062 2064
2062 2065
2062 2066
2062 1786
2062 2047
2064 4451
2064 2540
2064 4429
2064 4581
2066 4549
2462 2464
2462 2465
2462 2466
2462 2439
2462 2463
4484 4480
4484 4483
4485 4486
4486 3162
4486 4566
4428 3249
4429 4432
4429 4430
4429 4431
4431 4778
4456 4457
4456 4458
4456 4459
4458 4472
4458 4581
4464 4465
4464 4466
4465 3316
4466 4782
4472 4473
4477 4478
4478 4512
4478 7587
4478 4508
4478 7645
4480 4481
4480 4482
4480 4483
4482 4522
4482 4622
4483 4529
4483 4530
4483 4531
4483 4532
2436 2437
2436 2438
2436 2439
2437 7808
2437 2438
2437 2478
2437 2485
2438 2448
2438 2439
2439 7808
2439 2478
2439 2575
2439 2485
4582 4581
4491 3201
4491 4492
4491 4493
4491 4494
4492 4493
4493 2996
4493 4716
4493 4494
4494 3201
2448 7811
2448 7812
2448 7813
2448 2449
2448 2450
2449 2459
2450 2451
2450 2459
2450 7813
4501 4502
4502 4503
4503 7544
4503 7587
4504 4505
4504 4506
4504 4581
4508 4512
4508 4513
4508 2933
4508 4510
4508 4732
4508 4509
4508 4511
4509 4512
4510 4512
4511 4512
4512 4513
4512 2933
2465 2463
2466 2463
4507 3249
4525 7587
4525 4526
2478 2479
4530 4612
2485 2486
4545 4546
4545 4547
4546 4632
4546 4547
4547 4581
4547 4552
4547 4632
4547 4634
4547 4635
4547 4572
4552 4553
2506 2507
2506 2508
2506 2534
2508 2540
4563 4564
4564 4581
4566 4581
4567 3253
4567 4568
4567 4569
4567 4570
4567 4571
4567 4572
4567 4573
4581 4608
4581 4609
4581 4610
4581 4611
4581 4586
4581 4591
4581 3252
4581 4598
4581 3015
4581 2944
4581 4583
4581 4584
4581 4585
4581 3306
4581 4587
4581 4588
4581 4589
4581 4590
4581 4605
4581 4592
4581 4593
4581 4594
4581 4595
4581 4596
4581 4597
4581 3190
4581 4599
4581 4600
4581 4601
4581 4602
4581 4603
4581 4604
4581 4606
4581 4607
4588 4736
4588 4782
4588 4791
4591 4622
4613 4616
4613 4617
4613 4614
4613 4615
4616 7587
4616 7645
2575 2576
2575 2577
2575 2578
2575 2579
2577 3189
2577 2837
4632 4633
4640 4641
4641 2976
4641 4815
4729 4730
4729 4731
4730 4748
4730 4782
4730 4791
4730 4731
4730 4733
4730 4735
4736 4737
4736 4738
4736 4739
4736 4740
4748 4749
4748 4750
4770 3316
4779 7634
4779 3316
4782 4791
2837 2838
2917 2918
2918 2943
2918 3085
2930 2931
2930 2932
2930 2933
2931 3138
2932 3168
2932 3138
2933 7587
2933 3138
2942 2944
2942 2945
2942 2943
2945 3200
2972 2973
2973 2979
2973 2985
2973 2986
2973 2987
2973 2988
2976 2978
2976 2979
2976 2977
2978 2994
2979 2984
2979 2999
2986 3036
2986 3301
2994 2995
2994 2996
2996 3274
2996 3301
2999 3000
2999 3001
2999 3002
2999 3003
2999 3004
3001 3036
3002 3013
3014 3016
3014 3015
3015 7624
3015 7619
3015 7623
3016 7587
3016 7645
3016 7787
3033 3034
3034 3036
3036 3037
3036 3038
3036 3039
3161 3162
3189 3192
3189 3191
3189 3190
3189 3193
3200 3202
3200 3203
3200 3201
3248 3249
3248 3250
3248 3251
3248 3252
3248 3253
3249 3338
3253 3331
3253 3277
3253 3290
3253 3291
3258 3259
3259 3316
3262 3264
3262 3265
3262 3266
3262 3263
3265 3274
3265 3331
3265 3338
3305 3306
3305 3307
3331 3332
3331 3333
7528 7529
7528 7530
7528 7531
7528 7532
7528 7533
7528 7534
7531 7624
7533 7672
7535 7536
7535 7537
7535 7538
7537 7591
7538 7769
7538 7547
7538 7623
7550 7552
7550 7553
7550 7554
7550 7555
7550 7556
7550 7557
7550 7558
7550 7551
7554 7587
7557 7578
7558 7578
7558 7634
7578 7579
7578 7580
7583 7584
7583 7585
7583 7586
7583 7587
7583 7645
7584 7672
7584 7587
7584 7645
7585 7587
7585 7645
7586 7587
7586 7645
7587 7644
7587 7645
7587 7646
7587 7647
7587 7648
7587 7649
7587 7650
7587 7651
7587 7652
7587 7653
7587 7654
7587 7655
7587 7656
7587 7657
7587 7658
7587 7659
7587 7660
7587 7661
7587 7662
7587 7663
7587 7664
7587 7665
7587 7666
7587 7667
7591 7592
7612 7613
7612 7614
7613 7704
7613 7645
7619 7620
7619 7621
7619 7622
7624 7625
7625 7756
7625 7782
7645 7652
7645 7656
7645 7657
7645 7663
7645 7664
7645 7667
7645 7668
7645 7669
7645 7670
7645 7671
7649 7746
7649 7742
7660 7732
7665 7725
7672 7673
7672 7674
7672 7675
7704 7705
7725 7726
7725 7727
7732 7736
7732 7733
7732 7734
7732 7735
7736 7749
7742 7746
7742 7742
7742 7743
7747 7752
7747 7748
7747 7749
7747 7750
7747 7751
7748 7749
7749 7750
7749 7751
7749 7752
7749 7784
7756 7757
7756 7758
7756 7759
7758 7800
7769 7770
1707 1708
1707 1709
1707 1710
1707 1711
1707 1712
1707 1713
1707 1714
1707 1715
1711 1784
1715 1784
1784 1785
1784 1786
