4141 3923
4141 3924
4141 4142
5268 5269
5294 5293
5280 5281
5280 5282
5280 5283
5280 5284
5280 5285
5280 5286
5280 5287
5280 3812
4130 3923
4131 3923
5286 5288
5288 5289
5288 3691
5288 5269
5288 3775
5293 5282
5293 5295
5296 5297
5296 3691
4022 3923
4022 4037
4022 4023
4023 4037
4024 3923
6458 4009
6459 4009
6460 4009
3773 3774
3773 3775
6596 3691
4037 3923
4045 4008
4045 3924
5816 3691
3922 3921
3923 3921
3923 3931
3924 4008
3924 3921
4066 4009
3811 3812
3921 3691
3690 3691
3691 3694
3694 3696
3694 3695
4008 4009
