5506 5488
5398 5395
5513 5503
5514 5503
5399 5400
5399 5401
5399 5402
5516 5503
5517 5503
5518 5561
5518 5503
5522 5488
5522 5523
5522 5524
5522 5525
5522 5526
5522 5527
5522 5528
5522 5529
5395 5396
5395 5397
5395 5358
5396 5617
5397 5623
5526 5524
5527 5524
5528 5524
5529 5524
5529 5530
5530 5536
5530 5537
5530 5538
5530 5539
5530 5531
5530 5532
5530 5533
5530 5534
5530 5535
5533 5575
5535 5560
5489 5561
5489 5487
5525 5548
5525 5524
5548 5549
5593 5590
5593 5623
5487 5488
5515 5503
5575 5576
5575 5577
5575 5578
5575 5579
5575 5580
5575 5581
5575 5582
5575 5583
5575 5401
5488 5623
5590 5592
5590 5594
5590 5591
5337 5338
5337 5339
5337 5340
5337 5341
5340 5342
5340 5606
5340 5361
5342 5344
5342 5343
5343 5623
5607 5608
5608 5617
5608 5609
5357 5360
5357 5358
5357 5359
5361 5338
5618 5617
5623 5624
5623 5625
5623 5626
5623 5627
5623 5628
5623 5629
5502 5503
