5893 5894
5894 5984
4842 4843
4842 4844
4842 4805
4842 4806
4842 4845
5132 4844
5773 5772
4879 4880
4879 4881
4879 4882
4879 4883
4879 4845
5955 5956
5955 5934
5955 5854
4846 1473
4846 4805
4846 4806
4846 4847
4847 5756
5754 5753
4805 4806
6214 6211
5929 5930
5929 5931
5929 5932
5929 5933
5929 5934
5930 5974
5930 5975
5934 5971
2014 1473
5856 5852
1468 1472
1468 1473
1468 1469
1468 1470
1468 1471
1473 2044
4930 1642
4930 4931
6211 1642
6211 6212
6211 6213
6211 6215
6213 7293
5772 4931
5971 5972
5852 5853
5852 5854
5852 5855
5854 5984
5984 5985
5984 5986
5984 5987
5984 5988
5984 5989
5984 4844
5984 5990
4840 4841
1641 1642
4844 4976
5742 4931
4976 4977
4841 5758
5753 4931
5753 5756
5753 5755
5753 5758
4931 5756
5756 5757
5758 5759
