44 48
44 49
44 45
44 46
44 47
48 4221
97 98
98 740
98 641
98 4332
98 691
98 190
699 691
700 691
701 691
636 637
4221 4224
4221 4225
4221 4226
4221 4227
4221 4228
4221 4229
4221 4230
4221 4231
4221 4232
4221 646
4221 4222
4221 4223
649 740
649 4332
649 641
650 740
650 4332
650 641
154 155
154 156
154 157
154 158
154 159
159 187
159 750
691 698
691 692
691 693
691 694
691 695
691 696
691 697
691 474
691 637
187 188
187 189
187 190
190 191
4314 4315
4314 646
4320 4321
4320 4322
4320 4323
4320 4324
4320 4325
4320 4326
4320 4327
740 480
740 643
740 644
740 645
740 646
740 647
740 648
740 474
740 741
4326 4360
4326 4358
4332 480
4332 643
4332 645
4332 646
4332 647
4332 648
4332 642
4332 474
750 752
750 753
750 751
4348 471
4358 4360
4358 4361
4358 646
4358 4359
4360 4361
642 641
643 641
644 641
645 641
646 641
647 641
648 641
641 480
641 474
465 466
465 467
465 468
465 469
465 470
465 471
465 472
465 473
465 474
465 475
465 476
466 507
474 498
477 480
477 481
477 482
477 478
477 479
498 499
