3712 3707
3713 3707
3718 3699
6283 6284
6283 6285
6283 3709
6286 6288
6286 7131
6286 6287
7199 7137
7199 7139
7199 7140
7199 7141
7199 7214
7199 7132
4136 3699
6387 3699
6387 3707
7228 7132
7228 7229
7131 7136
7131 7133
7131 7132
7131 3709
7131 7134
7131 7135
7132 7137
7132 7139
7137 7138
7137 7139
7137 7140
7137 7141
7139 7140
7139 7141
7141 7149
7141 7151
3688 3689
3688 3690
3690 3699
7149 7150
7149 7151
7150 7151
7151 7152
3698 3699
3699 6388
6388 3707
3707 3708
3707 3709
3707 3710
3707 3711
