4608 4502
1940 1941
4438 4440
4438 4439
4518 4517
4616 4617
4617 2964
4617 4789
12 13
13 33
13 34
13 2473
13 18
13 2462
2578 2579
2578 2580
2578 21
2578 2581
19 33
19 6698
19 6668
19 18
20 21
21 2497
21 2533
21 2503
21 2482
21 2460
21 2462
2071 2072
2071 2073
2071 2074
2071 2075
2071 2082
4527 4528
4527 4529
4527 4530
4527 4531
4527 3220
4527 4533
4527 4532
3162 3160
6687 2493
3016 2985
3016 3018
3016 2991
3016 3017
33 34
33 35
34 2474
34 2479
35 2492
35 2509
2084 2082
6698 6699
6700 2523
6701 2523
2497 2498
2497 2461
2995 4544
2995 7426
2995 7427
2995 2994
2144 7460
2144 2143
4571 4572
4571 4573
4571 4574
4571 4575
7349 7348
4672 4673
4672 4674
4673 4470
4705 4706
4705 4707
6668 6750
3255 3217
6732 2493
4685 4686
4685 2550
3256 3217
2479 2473
4692 4470
3160 3161
3160 3163
3160 2581
4708 4473
1626 1627
6750 6752
6750 6753
6750 6756
6750 6751
4706 4716
4706 4707
4706 4756
4706 4710
4709 4468
4711 4712
4711 4713
4711 4714
4711 4715
4712 4756
4712 4749
4716 4717
4716 4718
7357 7360
7357 7358
7357 7359
4567 4544
7471 7472
7471 7385
7471 7474
7471 7397
7471 7473
7358 7399
2510 2509
4556 4544
7360 7426
7360 7571
7360 7364
4738 4739
4739 3279
7361 4470
4744 4412
4745 4412
4746 4412
4749 4756
4749 4477
3216 3217
3216 3218
3216 3219
3216 3220
3216 3221
3217 3293
3218 4544
3219 4465
3219 4403
1732 1723
3226 3227
3226 3228
3226 3229
3226 2982
3229 3237
3229 3293
4549 4544
4472 4473
4472 4468
4552 4544
7348 1746
7348 7350
7348 7351
7348 7352
7348 7353
7348 7354
7348 7355
7348 7356
1723 1728
1723 1729
1723 1730
1723 1731
1723 1724
1723 1788
1723 1725
1723 1726
1723 1727
1725 1788
1731 1788
7367 7368
7367 7369
7367 7370
7367 7371
7367 7372
7367 7373
7367 7374
7369 7395
7372 7435
7372 7388
7372 7391
2082 2083
2082 1774
2082 1941
2082 1627
2082 1790
3279 3280
3279 3281
3280 7435
1745 1746
1746 4937
1746 4949
1746 1850
1746 1852
2083 4507
2083 4506
3161 4544
3161 4439
7545 7544
7545 7449
7384 7385
2511 2509
7388 7373
7388 7389
7388 7390
7388 7391
3293 3296
3293 3294
3293 3295
1627 3552
1627 6052
7395 7448
7395 7449
7395 7450
7395 7451
7395 7452
7395 7453
7395 7454
7395 7455
7395 7456
7395 7457
7395 7458
7395 7459
7395 7460
7395 7461
7395 7462
7395 7463
7395 7464
7395 7465
7395 7466
7395 7467
7395 4412
7395 4575
7395 7394
7395 7396
7395 7397
7395 7398
7395 4470
7396 7394
7397 7466
7397 7394
7398 7466
7398 7394
7399 7400
7399 7401
1773 1774
1773 1775
7373 7391
7356 7427
1788 1790
1788 1789
4863 4864
4864 4944
4864 4949
4557 4544
7391 7390
2550 4544
2550 2549
7448 7466
7448 7590
7449 7544
7451 7466
7455 7466
7456 7466
7457 7466
7459 7459
7459 7500
7460 7466
7460 7557
7462 7466
7463 7466
7465 7466
7466 7394
7466 7467
7466 7468
7466 7469
7466 7470
7466 3553
7466 4575
1850 1851
1850 1852
1851 1852
4554 4544
2503 2504
3553 3552
3553 4473
3553 4468
4555 4544
7500 7501
4944 4945
4605 4604
4949 4950
4439 4544
3012 2985
3012 3013
4411 4412
4468 4469
4468 4470
4468 4471
4468 4473
4468 4474
4469 4473
4470 4473
4470 4477
4471 4473
4473 4474
4475 4476
4475 4477
4475 4478
4475 4479
7557 7560
7557 7561
7557 7558
7557 7559
7558 7603
4503 4603
4503 4604
4503 4501
4503 4502
4548 4544
2499 2492
2499 2500
7571 7572
4501 4517
4501 4502
4502 4544
4502 4532
4502 4604
4502 4607
2967 2964
2967 2983
4506 4507
4507 4544
4507 4542
4507 4543
2460 2461
2460 2462
2461 2462
6052 6052
6052 6053
6052 6054
6052 6055
6052 6056
2980 2981
2980 2966
2980 2982
2987 2983
2988 2983
2989 2992
2989 2993
2989 2990
2989 2991
2964 2965
2964 2966
2492 2493
4544 4545
4544 4546
4544 4547
4544 4550
4544 4551
4544 4553
4544 4558
4544 4559
4544 4560
4544 4561
4544 4562
4544 4563
4544 4564
4544 4565
4544 4566
3018 3020
3018 3021
3019 2985
2521 2522
2521 2523
2521 2543
2522 2549
3552 3554
2983 2984
2983 2985
2983 2986
2543 2553
2553 2554
4604 4606
