768 138
768 662
768 663
768 664
768 665
768 666
768 667
768 668
136 137
136 138
137 138
137 476
137 477
138 4315
138 661
779 777
780 777
525 526
525 527
525 528
525 529
525 530
525 531
525 532
525 476
661 662
661 663
661 664
661 665
661 666
661 667
661 668
662 4315
663 4315
664 4315
665 4315
666 4315
667 4315
668 4315
4315 123
476 651
179 180
179 181
179 182
179 183
179 184
179 185
179 186
179 187
180 219
182 219
777 184
777 2272
777 778
184 215
651 652
215 216
215 218
215 217
218 123
218 220
122 123
