7298 7299
7298 7300
7298 7301
7298 7302
7299 7339
4982 4983
1219 1232
1219 1220
1219 1221
1820 1821
1821 1828
1824 1825
1825 1972
1826 1827
1827 1975
1828 1744
7339 6220
1972 1744
1972 1973
1972 1974
1972 1975
1972 1976
1975 4983
6969 6970
6969 4983
6970 1234
6970 6971
6970 6221
5819 1233
5819 5820
5819 5821
5819 5822
6206 6204
6207 6219
6207 6204
6208 6204
6209 6204
6210 6204
6211 6204
6212 6204
6213 6204
6971 7001
6219 1763
6219 6220
6219 6221
6221 7001
1742 1744
1742 1743
1232 1233
1232 1234
1232 1235
5073 2912
5073 1234
1234 7001
3028 2912
2911 2912
1744 2036
1744 1781
1762 1763
6204 6205
1781 1782
1781 1783
