1413 1414
1413 1350
1414 1415
1415 1416
1415 1417
1415 1418
1415 1419
1415 1420
1415 1421
1415 1422
1417 1439
1417 1431
1419 1912
1419 1877
1420 4663
1421 4627
1421 1925
1421 4590
1421 4629
4627 4628
4627 4590
4628 7273
4628 4629
4629 4590
1371 1368
2983 2984
2983 2985
2983 2986
2984 4590
4663 4664
4663 4665
4663 4666
4663 4667
4663 4668
4663 4669
4663 4670
4665 7130
1343 1344
1344 1345
1344 1358
1345 1346
1372 1368
1349 1350
1349 1351
1350 1401
1351 1368
1358 1360
1358 1359
1360 1368
1877 1878
7130 7131
7130 7132
7130 7133
7133 7276
7133 7287
7276 7278
7276 7277
7287 7288
7287 7289
