7170 7171
7171 7264
4268 4265
4268 4412
4268 4313
7180 7184
7180 7258
7180 7181
7180 7182
7180 7183
7181 7182
7181 7183
7181 7184
7181 4401
7181 7240
7181 7241
7181 7242
7181 7243
7181 7244
7181 7245
7181 7246
7181 7247
7181 7248
7181 7249
7181 7250
7181 7251
7181 7252
7181 7253
7181 7254
7181 7255
7181 7256
7181 7257
7181 7258
7181 7259
7181 7260
7181 7144
7181 5887
7182 7264
7182 7258
7184 7258
3096 3097
3096 3030
3100 3043
3100 3101
3100 3102
3100 3031
7210 7211
7210 7212
7210 7213
7213 7347
7213 7214
7214 4377
7214 7215
7216 7217
7216 4377
7217 7331
7217 7358
4275 2705
4275 4274
4275 4276
4275 4277
4275 4278
4275 4279
7225 7226
7225 7227
7226 7264
7226 7228
7226 7229
7226 7230
7227 7228
7227 7229
7227 7230
2826 2827
2826 2799
2830 2808
2830 2833
2830 2831
2830 2832
2830 2799
7242 7258
7242 7331
7245 7258
7246 7258
7248 7318
7248 7319
7249 7258
7251 7258
7253 7258
7254 7258
7256 7258
7257 7258
7258 4401
7258 7259
7258 7261
7258 7262
7258 7263
7264 7265
7264 7266
4710 4712
4710 4711
4712 5800
4712 5886
4202 4203
4203 4368
4203 4244
4203 4231
2834 2799
4371 4368
4371 4537
4371 4570
4371 4577
4286 4368
4286 4288
4286 4287
4239 4240
4239 4241
2704 2705
4241 4368
4244 4245
4244 4246
4245 4246
7319 7318
7320 7318
4253 4254
4253 4255
4255 4368
4255 4272
4255 4273
7331 7332
7331 7333
7331 7334
7333 7374
5800 5801
5800 5802
5800 5803
5800 5804
5800 5805
5800 5800
4265 4266
4265 4267
4265 4269
4273 4368
4274 2705
4274 4276
4274 4277
4274 4278
4274 4279
4276 4278
4277 4278
4278 4364
4278 2705
4278 4279
4289 3033
4306 4307
4306 4398
4307 7162
4308 4266
4309 4266
4310 4266
4311 4266
4312 4313
2778 2780
2778 2779
2778 4452
2778 2781
2780 2792
2781 2796
4320 4321
4320 4322
4320 4337
4321 4432
4321 4322
4321 4428
4322 4359
4322 4368
4322 4432
4322 4436
4322 4437
2787 2788
2788 4325
4325 4328
4325 4326
4325 4327
4327 4368
4327 4366
4327 4367
2792 2793
2792 2705
2796 2797
2796 2798
2796 2799
2796 2800
2796 2801
4338 4337
2805 2808
2805 2809
2805 2806
2805 2807
4345 4346
4346 4368
5373 4711
5886 5888
5886 5887
4356 4357
4356 4358
4356 4359
4356 4360
4356 4361
4356 4362
4356 4363
4368 4369
4368 4370
4368 4372
4368 4373
4368 4374
4368 4375
4368 4376
4368 4377
4368 4378
4368 4379
4368 4380
4368 4381
4368 4382
4368 4384
4368 4385
4368 4386
4368 4387
4368 4388
4368 4389
4368 4390
4368 4391
4368 4392
4368 4393
4368 4394
4368 4395
4368 4396
4368 4397
4368 4383
4368 3034
4368 3047
4370 4412
2835 2832
4398 4400
4398 4401
4398 4402
4398 4399
3041 2705
3041 3042
3041 3043
3041 3044
4428 4429
4428 4430
4428 4431
4431 4440
4431 4433
4432 4435
4432 4434
4432 4433
4433 4467
4451 4452
4452 4598
3047 3045
3031 3029
3031 3070
3031 3069
4533 4534
4533 4535
4534 4577
4534 4570
4534 4535
4537 4538
4537 4540
4537 4539
3029 3032
3029 3033
3029 3034
3029 3030
3030 3058
4570 4577
3045 3048
3045 3046
3046 3071
7143 7144
